C:\Users\Stewie\drone_project\experiment\noiseVar>conda activate drone_auth

_QDA_201nf_201nc_1.00wl_0.50ws_.m
Start loading model
Finish loading model
drone_set_selection: ['_d1_', '_d2_', '_d3_', '_d4_', '_d5_', '_d6_', '_d7_', '_d8_', '_d9_', '_d10_', '_d11_', '_d12_', '_d13_', '_d14_', '_d15_', '_d16_', '_d17_', '_d18_', '_d19_', '_d20_', '_d21_', '_d22_', '_d23_', '_d24_', '_n_']
              precision    recall  f1-score   support

        _d1_     0.9958    0.9779    0.9868       724
        _d2_     0.9957    0.9667    0.9810       720
        _d3_     1.0000    0.9931    0.9965       724
        _d4_     0.9986    0.9902    0.9944       716
        _d5_     0.9269    0.9861    0.9556       720
        _d6_     0.9769    0.9986    0.9876       720
        _d7_     0.9803    0.9653    0.9727       720
        _d8_     0.9198    0.9986    0.9576       724
        _d9_     0.9508    0.9337    0.9422       724
       _d10_     0.9524    0.9736    0.9629       720
       _d11_     0.9905    0.9986    0.9945       728
       _d12_     0.9957    0.9736    0.9846       720
       _d13_     0.9636    0.9609    0.9622       716
       _d14_     0.9327    0.9431    0.9378       720
       _d15_     0.8713    0.9448    0.9066       724
       _d16_     0.9607    0.9461    0.9534       724
       _d17_     0.9587    0.9405    0.9495       740
       _d18_     0.9902    0.8458    0.9124       720
       _d19_     0.9958    0.9972    0.9965       720
       _d20_     0.9960    0.9960    0.9960       744
       _d21_     0.9911    0.9264    0.9576       720
       _d22_     0.9504    0.9306    0.9404       720
       _d23_     0.8950    0.9236    0.9091       720
       _d24_     0.9271    0.9762    0.9510       756
         _n_     0.0000    0.0000    0.0000         0

   micro avg     0.9620    0.9620    0.9620     17384
   macro avg     0.9246    0.9235    0.9236     17384
weighted avg     0.9631    0.9620    0.9620     17384

[[0.978 0.    0.    0.    0.007 0.    0.    0.015 0.    0.    0.    0.
  0.    0.    0.    0.    0.    0.    0.    0.    0.    0.    0.    0.   ]
 [0.    0.967 0.    0.001 0.01  0.001 0.    0.019 0.    0.    0.    0.
  0.    0.    0.    0.    0.001 0.    0.    0.    0.    0.    0.    0.   ]
 [0.    0.    0.993 0.    0.    0.    0.001 0.006 0.    0.    0.    0.
  0.    0.    0.    0.    0.    0.    0.    0.    0.    0.    0.    0.   ]
 [0.    0.    0.    0.99  0.001 0.    0.    0.008 0.    0.    0.    0.
  0.    0.    0.    0.    0.    0.    0.    0.    0.    0.    0.    0.   ]
 [0.    0.001 0.    0.    0.986 0.    0.006 0.003 0.    0.    0.    0.
  0.004 0.    0.    0.    0.    0.    0.    0.    0.    0.    0.    0.   ]
 [0.    0.    0.    0.    0.001 0.999 0.    0.    0.    0.    0.    0.
  0.    0.    0.    0.    0.    0.    0.    0.    0.    0.    0.    0.   ]
 [0.    0.001 0.    0.    0.011 0.    0.965 0.022 0.    0.    0.    0.
  0.    0.    0.    0.    0.    0.    0.    0.    0.    0.    0.    0.   ]
 [0.    0.001 0.    0.    0.    0.    0.    0.999 0.    0.    0.    0.
  0.    0.    0.    0.    0.    0.    0.    0.    0.    0.    0.    0.   ]
 [0.    0.    0.    0.    0.015 0.    0.    0.006 0.934 0.    0.006 0.
  0.007 0.    0.029 0.004 0.    0.    0.    0.    0.    0.    0.    0.   ]
 [0.    0.    0.    0.    0.    0.    0.001 0.003 0.007 0.974 0.    0.001
  0.004 0.    0.003 0.    0.    0.007 0.    0.    0.    0.    0.    0.   ]
 [0.    0.    0.    0.    0.    0.    0.    0.    0.    0.    0.999 0.
  0.    0.    0.    0.    0.001 0.    0.    0.    0.    0.    0.    0.   ]
 [0.    0.    0.    0.    0.    0.    0.004 0.    0.001 0.    0.    0.974
  0.    0.    0.007 0.001 0.    0.    0.    0.001 0.    0.    0.    0.011]
 [0.    0.    0.    0.    0.008 0.    0.003 0.001 0.011 0.01  0.    0.
  0.961 0.    0.001 0.003 0.    0.    0.    0.    0.001 0.    0.    0.   ]
 [0.    0.    0.    0.    0.    0.    0.    0.    0.001 0.    0.    0.
  0.003 0.943 0.    0.001 0.001 0.    0.    0.    0.    0.049 0.    0.001]
 [0.004 0.    0.    0.    0.012 0.021 0.    0.004 0.    0.003 0.003 0.001
  0.003 0.    0.945 0.    0.001 0.    0.    0.    0.    0.    0.003 0.   ]
 [0.    0.    0.    0.    0.003 0.    0.003 0.    0.    0.006 0.    0.
  0.    0.    0.015 0.946 0.    0.    0.    0.    0.    0.    0.    0.028]
 [0.    0.    0.    0.    0.004 0.    0.001 0.    0.019 0.    0.    0.
  0.007 0.    0.008 0.001 0.941 0.    0.001 0.    0.001 0.    0.007 0.009]
 [0.    0.    0.    0.    0.001 0.    0.    0.    0.008 0.031 0.    0.001
  0.008 0.    0.018 0.004 0.014 0.846 0.    0.    0.003 0.    0.065 0.   ]
 [0.    0.    0.    0.    0.    0.    0.    0.    0.    0.    0.001 0.
  0.    0.    0.    0.    0.    0.    0.997 0.001 0.    0.    0.    0.   ]
 [0.    0.    0.    0.    0.    0.    0.    0.    0.    0.    0.    0.
  0.    0.    0.001 0.    0.    0.    0.001 0.996 0.    0.    0.    0.001]
 [0.    0.    0.    0.    0.003 0.    0.    0.    0.    0.    0.    0.
  0.    0.001 0.003 0.001 0.011 0.    0.001 0.    0.926 0.    0.028 0.025]
 [0.    0.    0.    0.    0.    0.    0.    0.    0.    0.    0.    0.
  0.    0.067 0.    0.    0.    0.    0.    0.001 0.    0.931 0.    0.001]
 [0.    0.    0.    0.    0.    0.001 0.    0.    0.    0.    0.    0.
  0.    0.    0.054 0.003 0.011 0.001 0.    0.    0.003 0.    0.924 0.003]
 [0.    0.    0.    0.    0.    0.    0.    0.    0.    0.    0.    0.
  0.    0.    0.    0.019 0.    0.    0.    0.    0.    0.    0.005 0.976]]

_LDA_201nf_201nc_1.00wl_0.50ws_.m
Start loading model
Finish loading model
drone_set_selection: ['_d1_', '_d2_', '_d3_', '_d4_', '_d5_', '_d6_', '_d7_', '_d8_', '_d9_', '_d10_', '_d11_', '_d12_', '_d13_', '_d14_', '_d15_', '_d16_', '_d17_', '_d18_', '_d19_', '_d20_', '_d21_', '_d22_', '_d23_', '_d24_', '_n_']
              precision    recall  f1-score   support

        _d1_     0.9945    0.9972    0.9959       724
        _d2_     0.9506    0.9889    0.9694       720
        _d3_     1.0000    0.9793    0.9895       724
        _d4_     0.9929    0.9749    0.9838       716
        _d5_     0.9232    0.9514    0.9371       720
        _d6_     0.9957    0.9667    0.9810       720
        _d7_     0.9568    0.9542    0.9555       720
        _d8_     0.9588    0.9655    0.9621       724
        _d9_     0.9109    0.9033    0.9071       724
       _d10_     0.9337    0.9583    0.9459       720
       _d11_     0.9861    0.9725    0.9793       728
       _d12_     0.9873    0.9708    0.9790       720
       _d13_     0.9285    0.9791    0.9531       716
       _d14_     0.7741    0.6903    0.7298       720
       _d15_     0.8252    0.9323    0.8755       724
       _d16_     0.8902    0.8619    0.8758       724
       _d17_     0.8974    0.8986    0.8980       740
       _d18_     0.8645    0.8681    0.8663       720
       _d19_     0.9791    0.9736    0.9763       720
       _d20_     0.9891    0.9772    0.9831       744
       _d21_     0.9511    0.8653    0.9062       720
       _d22_     0.8175    0.7903    0.8037       720
       _d23_     0.8395    0.8139    0.8265       720
       _d24_     0.8463    0.9471    0.8939       756
         _n_     0.0000    0.0000    0.0000         0

   micro avg     0.9243    0.9243    0.9243     17384
   macro avg     0.8877    0.8872    0.8869     17384
weighted avg     0.9246    0.9243    0.9239     17384

[[0.997 0.    0.    0.    0.003 0.    0.    0.    0.    0.    0.    0.
  0.    0.    0.    0.    0.    0.    0.    0.    0.    0.    0.    0.   ]
 [0.    0.989 0.    0.004 0.001 0.    0.    0.006 0.    0.    0.    0.
  0.    0.    0.    0.    0.    0.    0.    0.    0.    0.    0.    0.   ]
 [0.    0.021 0.979 0.    0.    0.    0.    0.    0.    0.    0.    0.
  0.    0.    0.    0.    0.    0.    0.    0.    0.    0.    0.    0.   ]
 [0.003 0.001 0.    0.975 0.003 0.    0.007 0.008 0.    0.    0.    0.003
  0.    0.    0.    0.    0.    0.    0.    0.    0.    0.    0.    0.   ]
 [0.    0.011 0.    0.    0.951 0.    0.019 0.001 0.    0.    0.    0.001
  0.01  0.001 0.    0.    0.004 0.    0.    0.    0.    0.    0.    0.   ]
 [0.    0.003 0.    0.    0.011 0.967 0.    0.015 0.    0.003 0.    0.
  0.    0.    0.    0.    0.    0.    0.    0.    0.001 0.    0.    0.   ]
 [0.    0.004 0.    0.    0.026 0.    0.954 0.01  0.003 0.    0.    0.
  0.    0.    0.    0.    0.001 0.    0.    0.    0.001 0.    0.    0.   ]
 [0.003 0.01  0.    0.001 0.003 0.001 0.014 0.965 0.    0.    0.    0.
  0.    0.    0.    0.    0.003 0.    0.    0.    0.    0.    0.    0.   ]
 [0.    0.    0.    0.    0.011 0.    0.003 0.    0.903 0.    0.    0.
  0.029 0.    0.017 0.012 0.021 0.    0.    0.    0.    0.    0.004 0.   ]
 [0.    0.    0.    0.    0.    0.    0.    0.    0.003 0.958 0.    0.
  0.003 0.    0.012 0.    0.    0.024 0.    0.    0.    0.    0.    0.   ]
 [0.    0.    0.    0.    0.    0.    0.    0.    0.001 0.    0.973 0.
  0.    0.    0.003 0.    0.    0.001 0.019 0.    0.003 0.    0.    0.   ]
 [0.    0.    0.    0.001 0.    0.    0.    0.    0.006 0.    0.    0.971
  0.    0.    0.018 0.003 0.    0.    0.    0.    0.    0.    0.    0.001]
 [0.    0.    0.    0.    0.    0.    0.    0.    0.    0.003 0.    0.
  0.979 0.    0.007 0.    0.    0.007 0.    0.    0.003 0.    0.001 0.   ]
 [0.    0.    0.    0.    0.    0.    0.    0.    0.004 0.001 0.    0.
  0.004 0.69  0.003 0.039 0.019 0.012 0.    0.    0.001 0.176 0.001 0.047]
 [0.    0.001 0.    0.    0.01  0.    0.    0.001 0.012 0.003 0.    0.003
  0.008 0.    0.932 0.004 0.006 0.001 0.    0.001 0.    0.    0.017 0.   ]
 [0.    0.    0.    0.    0.    0.    0.    0.    0.017 0.008 0.    0.
  0.003 0.    0.03  0.862 0.001 0.008 0.    0.    0.    0.    0.001 0.069]
 [0.    0.    0.    0.    0.008 0.    0.    0.    0.036 0.012 0.    0.
  0.007 0.    0.001 0.003 0.899 0.011 0.    0.    0.001 0.    0.011 0.011]
 [0.    0.    0.    0.    0.003 0.    0.    0.    0.004 0.036 0.    0.001
  0.01  0.    0.01  0.008 0.003 0.868 0.    0.    0.    0.    0.057 0.   ]
 [0.    0.    0.    0.    0.    0.    0.    0.    0.    0.    0.014 0.
  0.    0.    0.    0.    0.001 0.    0.974 0.01  0.001 0.    0.    0.   ]
 [0.    0.    0.    0.    0.    0.    0.    0.    0.    0.    0.    0.004
  0.    0.    0.008 0.    0.    0.005 0.001 0.977 0.    0.    0.003 0.001]
 [0.    0.    0.    0.    0.    0.    0.    0.    0.001 0.001 0.    0.
  0.001 0.    0.    0.    0.021 0.036 0.    0.    0.865 0.    0.046 0.028]
 [0.    0.    0.    0.    0.    0.    0.    0.    0.    0.    0.    0.
  0.    0.2   0.    0.    0.    0.    0.    0.    0.004 0.79  0.    0.006]
 [0.    0.    0.    0.    0.    0.003 0.    0.    0.    0.    0.    0.
  0.    0.    0.089 0.007 0.025 0.025 0.    0.    0.021 0.    0.814 0.017]
 [0.    0.    0.    0.    0.    0.    0.    0.    0.    0.    0.    0.
  0.    0.    0.    0.029 0.    0.004 0.    0.    0.007 0.    0.013 0.947]]
_LSVM_201nf_201nc_1.00wl_0.50ws_.m
Start loading model
Finish loading model
drone_set_selection: ['_d1_', '_d2_', '_d3_', '_d4_', '_d5_', '_d6_', '_d7_', '_d8_', '_d9_', '_d10_', '_d11_', '_d12_', '_d13_', '_d14_', '_d15_', '_d16_', '_d17_', '_d18_', '_d19_', '_d20_', '_d21_', '_d22_', '_d23_', '_d24_', '_n_']
              precision    recall  f1-score   support

        _d1_     0.9438    0.9972    0.9698       724
        _d2_     0.9666    0.9653    0.9659       720
        _d3_     0.9986    1.0000    0.9993       724
        _d4_     0.9712    0.9902    0.9806       716
        _d5_     0.9187    0.9417    0.9300       720
        _d6_     0.9636    0.9917    0.9774       720
        _d7_     0.9760    0.9597    0.9678       720
        _d8_     0.9736    0.9696    0.9716       724
        _d9_     0.9368    0.8798    0.9074       724
       _d10_     0.9067    0.9444    0.9252       720
       _d11_     0.9726    0.9766    0.9746       728
       _d12_     0.9772    0.9528    0.9648       720
       _d13_     0.9630    0.9804    0.9716       716
       _d14_     0.8960    0.8736    0.8847       720
       _d15_     0.8387    0.9047    0.8704       724
       _d16_     0.9244    0.8785    0.9008       724
       _d17_     0.9124    0.8865    0.8992       740
       _d18_     0.9228    0.7972    0.8554       720
       _d19_     0.9595    0.9861    0.9726       720
       _d20_     0.9749    0.9906    0.9827       744
       _d21_     0.9394    0.9042    0.9214       720
       _d22_     0.9178    0.9153    0.9166       720
       _d23_     0.8481    0.8222    0.8350       720
       _d24_     0.8877    0.9722    0.9280       756
         _n_     0.0000    0.0000    0.0000         0

   micro avg     0.9368    0.9368    0.9368     17384
   macro avg     0.8996    0.8992    0.8989     17384
weighted avg     0.9370    0.9368    0.9364     17384

[[0.997 0.    0.    0.    0.    0.    0.    0.001 0.    0.    0.    0.
  0.    0.    0.    0.    0.001 0.    0.    0.    0.    0.    0.    0.   ]
 [0.001 0.965 0.001 0.017 0.004 0.    0.    0.006 0.    0.    0.    0.
  0.    0.    0.    0.    0.001 0.    0.004 0.    0.    0.    0.    0.   ]
 [0.    0.    1.    0.    0.    0.    0.    0.    0.    0.    0.    0.
  0.    0.    0.    0.    0.    0.    0.    0.    0.    0.    0.    0.   ]
 [0.003 0.    0.    0.99  0.001 0.    0.    0.006 0.    0.    0.    0.
  0.    0.    0.    0.    0.    0.    0.    0.    0.    0.    0.    0.   ]
 [0.    0.032 0.    0.    0.942 0.    0.01  0.006 0.    0.    0.    0.001
  0.006 0.    0.    0.001 0.003 0.    0.    0.    0.    0.    0.    0.   ]
 [0.    0.    0.    0.    0.008 0.992 0.    0.    0.    0.    0.    0.
  0.    0.    0.    0.    0.    0.    0.    0.    0.    0.    0.    0.   ]
 [0.    0.    0.    0.007 0.017 0.    0.96  0.007 0.001 0.    0.    0.001
  0.001 0.    0.001 0.    0.003 0.    0.    0.    0.001 0.    0.    0.   ]
 [0.011 0.001 0.    0.    0.004 0.003 0.004 0.97  0.    0.    0.    0.
  0.    0.    0.    0.001 0.004 0.    0.    0.    0.    0.001 0.    0.   ]
 [0.003 0.    0.    0.    0.012 0.    0.006 0.001 0.88  0.003 0.003 0.
  0.015 0.001 0.022 0.026 0.017 0.    0.008 0.    0.    0.    0.001 0.001]
 [0.001 0.    0.    0.    0.004 0.    0.    0.    0.001 0.944 0.    0.004
  0.004 0.    0.014 0.    0.006 0.021 0.    0.    0.    0.    0.    0.   ]
 [0.    0.    0.    0.    0.001 0.    0.    0.    0.001 0.    0.977 0.
  0.    0.    0.001 0.001 0.003 0.    0.01  0.001 0.004 0.    0.    0.   ]
 [0.    0.    0.    0.004 0.    0.    0.    0.    0.006 0.    0.001 0.953
  0.    0.    0.021 0.    0.    0.    0.    0.003 0.    0.    0.    0.012]
 [0.    0.    0.    0.    0.    0.    0.    0.    0.    0.008 0.    0.
  0.98  0.001 0.004 0.    0.003 0.    0.    0.    0.001 0.    0.001 0.   ]
 [0.    0.    0.    0.001 0.    0.    0.    0.    0.003 0.    0.007 0.
  0.    0.874 0.    0.01  0.001 0.003 0.    0.    0.007 0.081 0.001 0.012]
 [0.01  0.    0.    0.    0.004 0.012 0.    0.    0.007 0.012 0.004 0.008
  0.001 0.003 0.905 0.006 0.    0.003 0.    0.007 0.    0.    0.018 0.   ]
 [0.001 0.    0.    0.    0.004 0.    0.001 0.    0.007 0.011 0.003 0.
  0.003 0.01  0.029 0.878 0.006 0.006 0.    0.001 0.003 0.    0.    0.037]
 [0.018 0.    0.    0.    0.008 0.    0.003 0.    0.026 0.014 0.    0.
  0.004 0.001 0.001 0.001 0.886 0.009 0.001 0.    0.003 0.    0.016 0.008]
 [0.004 0.    0.    0.    0.008 0.001 0.    0.    0.004 0.046 0.001 0.007
  0.003 0.003 0.007 0.006 0.01  0.797 0.012 0.001 0.017 0.    0.068 0.004]
 [0.    0.    0.    0.    0.    0.    0.    0.    0.    0.    0.008 0.
  0.    0.    0.    0.    0.    0.    0.986 0.004 0.    0.    0.    0.001]
 [0.    0.    0.    0.    0.    0.    0.    0.    0.    0.    0.    0.
  0.    0.    0.003 0.    0.    0.001 0.    0.991 0.    0.    0.004 0.001]
 [0.    0.    0.    0.    0.001 0.    0.    0.    0.001 0.003 0.    0.
  0.    0.01  0.001 0.    0.01  0.011 0.004 0.    0.904 0.    0.029 0.025]
 [0.    0.    0.    0.    0.004 0.    0.    0.    0.    0.    0.    0.
  0.    0.067 0.    0.    0.    0.    0.    0.003 0.003 0.915 0.    0.008]
 [0.007 0.    0.    0.    0.    0.019 0.    0.    0.    0.    0.    0.
  0.    0.006 0.069 0.007 0.021 0.01  0.001 0.003 0.018 0.    0.822 0.017]
 [0.    0.    0.    0.    0.    0.001 0.    0.    0.001 0.    0.    0.
  0.    0.    0.    0.012 0.    0.003 0.    0.003 0.001 0.    0.007 0.972]]
_SVM_201nf_201nc_1.00wl_0.50ws_.m
Start loading model
Finish loading model
drone_set_selection: ['_d1_', '_d2_', '_d3_', '_d4_', '_d5_', '_d6_', '_d7_', '_d8_', '_d9_', '_d10_', '_d11_', '_d12_', '_d13_', '_d14_', '_d15_', '_d16_', '_d17_', '_d18_', '_d19_', '_d20_', '_d21_', '_d22_', '_d23_', '_d24_', '_n_']
              precision    recall  f1-score   support

        _d1_     0.8142    0.9199    0.8638       724
        _d2_     0.9661    0.7514    0.8453       720
        _d3_     0.9614    0.9641    0.9628       724
        _d4_     0.7973    0.6704    0.7284       716
        _d5_     0.7466    0.7736    0.7599       720
        _d6_     0.9658    0.9806    0.9731       720
        _d7_     0.8095    0.7792    0.7941       720
        _d8_     0.6254    0.8370    0.7159       724
        _d9_     0.7921    0.1105    0.1939       724
       _d10_     0.7633    0.4569    0.5717       720
       _d11_     0.8953    0.5522    0.6831       728
       _d12_     0.9025    0.6431    0.7510       720
       _d13_     0.6031    0.7025    0.6490       716
       _d14_     0.9140    0.2806    0.4293       720
       _d15_     0.5306    0.5746    0.5517       724
       _d16_     0.3514    0.6105    0.4460       724
       _d17_     0.6667    0.2405    0.3535       740
       _d18_     0.4933    0.5583    0.5238       720
       _d19_     0.8494    0.4542    0.5919       720
       _d20_     0.9283    0.6263    0.7480       744
       _d21_     0.4518    0.7347    0.5595       720
       _d22_     0.7408    0.9528    0.8335       720
       _d23_     0.3557    0.7514    0.4828       720
       _d24_     0.5158    0.9286    0.6632       756
         _n_     0.0000    0.0000    0.0000         0

   micro avg     0.6605    0.6605    0.6605     17384
   macro avg     0.6976    0.6342    0.6270     17384
weighted avg     0.7265    0.6605    0.6529     17384

[[0.92  0.    0.    0.003 0.065 0.    0.    0.003 0.    0.    0.    0.
  0.    0.    0.007 0.    0.    0.    0.001 0.    0.    0.    0.001 0.   ]
 [0.008 0.751 0.033 0.079 0.    0.003 0.    0.1   0.    0.    0.    0.
  0.    0.    0.    0.    0.018 0.    0.003 0.    0.001 0.    0.003 0.   ]
 [0.    0.    0.964 0.003 0.007 0.    0.007 0.014 0.    0.    0.    0.
  0.006 0.    0.    0.    0.    0.    0.    0.    0.    0.    0.    0.   ]
 [0.01  0.007 0.003 0.67  0.014 0.    0.071 0.219 0.    0.003 0.    0.
  0.    0.    0.    0.    0.003 0.    0.    0.    0.    0.    0.    0.   ]
 [0.01  0.011 0.    0.003 0.774 0.    0.026 0.118 0.001 0.007 0.    0.003
  0.006 0.    0.001 0.008 0.021 0.    0.006 0.    0.006 0.    0.    0.   ]
 [0.    0.    0.    0.    0.01  0.981 0.    0.007 0.    0.    0.    0.
  0.    0.    0.    0.    0.    0.    0.001 0.    0.    0.    0.    0.001]
 [0.    0.001 0.    0.019 0.022 0.    0.779 0.038 0.    0.003 0.    0.
  0.033 0.003 0.001 0.031 0.004 0.033 0.    0.    0.028 0.001 0.003 0.   ]
 [0.029 0.006 0.001 0.051 0.037 0.001 0.012 0.837 0.    0.001 0.    0.
  0.    0.    0.    0.    0.023 0.    0.    0.    0.    0.    0.    0.   ]
 [0.    0.    0.    0.    0.033 0.    0.047 0.003 0.11  0.018 0.026 0.039
  0.093 0.003 0.119 0.378 0.029 0.028 0.025 0.    0.001 0.    0.028 0.021]
 [0.026 0.    0.    0.    0.003 0.    0.    0.    0.003 0.457 0.    0.007
  0.065 0.004 0.099 0.179 0.012 0.117 0.001 0.    0.    0.    0.026 0.   ]
 [0.03  0.    0.    0.    0.011 0.    0.    0.    0.    0.003 0.552 0.
  0.007 0.    0.109 0.137 0.    0.01  0.012 0.001 0.074 0.    0.03  0.023]
 [0.    0.    0.    0.007 0.    0.    0.014 0.004 0.007 0.007 0.    0.643
  0.176 0.    0.024 0.075 0.    0.015 0.    0.    0.    0.    0.003 0.025]
 [0.001 0.    0.    0.    0.006 0.    0.    0.    0.    0.022 0.    0.008
  0.703 0.    0.039 0.092 0.    0.105 0.    0.    0.004 0.    0.02  0.   ]
 [0.    0.001 0.001 0.    0.    0.    0.    0.    0.003 0.    0.015 0.
  0.001 0.281 0.001 0.074 0.001 0.017 0.001 0.001 0.001 0.326 0.017 0.257]
 [0.036 0.    0.    0.    0.025 0.008 0.    0.    0.    0.004 0.007 0.001
  0.006 0.    0.575 0.076 0.003 0.004 0.    0.012 0.003 0.    0.232 0.008]
 [0.008 0.    0.    0.    0.    0.    0.006 0.    0.008 0.01  0.008 0.
  0.001 0.001 0.077 0.61  0.001 0.032 0.015 0.015 0.006 0.    0.032 0.169]
 [0.026 0.    0.    0.    0.024 0.    0.    0.    0.007 0.058 0.    0.001
  0.027 0.    0.011 0.039 0.241 0.099 0.    0.    0.3   0.    0.132 0.035]
 [0.007 0.    0.    0.    0.003 0.    0.    0.    0.    0.004 0.    0.008
  0.038 0.    0.007 0.035 0.004 0.558 0.003 0.    0.043 0.    0.239 0.051]
 [0.    0.    0.    0.    0.    0.    0.    0.    0.    0.    0.008 0.
  0.    0.    0.    0.    0.    0.011 0.454 0.008 0.106 0.    0.354 0.058]
 [0.    0.    0.    0.    0.    0.001 0.    0.    0.    0.    0.    0.001
  0.    0.001 0.    0.    0.    0.    0.004 0.626 0.19  0.005 0.067 0.103]
 [0.    0.    0.    0.    0.    0.003 0.    0.    0.    0.    0.    0.
  0.    0.    0.    0.    0.    0.035 0.006 0.001 0.735 0.    0.14  0.081]
 [0.    0.    0.    0.004 0.    0.    0.    0.    0.    0.    0.    0.
  0.    0.014 0.    0.    0.    0.004 0.    0.003 0.019 0.953 0.001 0.001]
 [0.018 0.    0.    0.    0.001 0.018 0.    0.    0.    0.    0.    0.
  0.    0.    0.011 0.    0.003 0.058 0.001 0.    0.062 0.    0.751 0.075]
 [0.    0.    0.    0.    0.    0.    0.    0.    0.    0.    0.    0.
  0.    0.    0.003 0.004 0.    0.004 0.    0.007 0.03  0.    0.024 0.929]]
_KNN_201nf_201nc_1.00wl_0.50ws_.m
Start loading model
Finish loading model
drone_set_selection: ['_d1_', '_d2_', '_d3_', '_d4_', '_d5_', '_d6_', '_d7_', '_d8_', '_d9_', '_d10_', '_d11_', '_d12_', '_d13_', '_d14_', '_d15_', '_d16_', '_d17_', '_d18_', '_d19_', '_d20_', '_d21_', '_d22_', '_d23_', '_d24_', '_n_']
              precision    recall  f1-score   support

        _d1_     0.9714    0.9834    0.9774       724
        _d2_     0.9572    0.9639    0.9606       720
        _d3_     0.9944    0.9793    0.9868       724
        _d4_     0.9001    0.9693    0.9334       716
        _d5_     0.8903    0.9472    0.9179       720
        _d6_     0.9929    0.9764    0.9846       720
        _d7_     0.9715    0.9000    0.9344       720
        _d8_     0.9529    0.9227    0.9375       724
        _d9_     0.8757    0.8177    0.8457       724
       _d10_     0.8842    0.8806    0.8824       720
       _d11_     0.9421    0.9615    0.9517       728
       _d12_     0.9307    0.9333    0.9320       720
       _d13_     0.8999    0.8659    0.8826       716
       _d14_     0.8588    0.9042    0.8809       720
       _d15_     0.7365    0.8881    0.8053       724
       _d16_     0.8191    0.8508    0.8347       724
       _d17_     0.8797    0.8595    0.8694       740
       _d18_     0.8315    0.8500    0.8407       720
       _d19_     0.8608    0.9792    0.9162       720
       _d20_     0.9735    0.9395    0.9562       744
       _d21_     0.9443    0.7764    0.8521       720
       _d22_     0.9428    0.8694    0.9046       720
       _d23_     0.8401    0.7736    0.8055       720
       _d24_     0.9258    0.9246    0.9252       756
         _n_     0.0000    0.0000    0.0000         0

   micro avg     0.9049    0.9049    0.9049     17384
   macro avg     0.8711    0.8687    0.8687     17384
weighted avg     0.9075    0.9049    0.9050     17384

[[0.983 0.    0.    0.    0.017 0.    0.    0.    0.    0.    0.    0.
  0.    0.    0.    0.    0.    0.    0.    0.    0.    0.    0.    0.   ]
 [0.004 0.964 0.001 0.022 0.001 0.    0.    0.006 0.    0.    0.    0.
  0.    0.    0.    0.    0.    0.    0.    0.    0.    0.    0.001 0.   ]
 [0.    0.012 0.979 0.001 0.003 0.    0.001 0.003 0.    0.    0.    0.
  0.    0.    0.    0.    0.    0.    0.    0.    0.    0.    0.    0.   ]
 [0.004 0.    0.001 0.969 0.003 0.    0.001 0.021 0.    0.    0.    0.
  0.    0.    0.    0.    0.    0.    0.    0.    0.    0.    0.    0.   ]
 [0.    0.015 0.    0.011 0.947 0.    0.008 0.011 0.001 0.    0.    0.001
  0.003 0.    0.    0.001 0.    0.    0.    0.    0.    0.    0.    0.   ]
 [0.    0.    0.    0.    0.022 0.976 0.    0.    0.    0.    0.    0.
  0.    0.    0.    0.001 0.    0.    0.    0.    0.    0.    0.    0.   ]
 [0.    0.003 0.    0.028 0.028 0.    0.9   0.003 0.017 0.003 0.    0.003
  0.    0.    0.001 0.008 0.    0.    0.    0.    0.003 0.    0.004 0.   ]
 [0.01  0.012 0.003 0.039 0.004 0.    0.001 0.923 0.001 0.    0.    0.
  0.    0.    0.003 0.    0.004 0.    0.    0.    0.    0.    0.    0.   ]
 [0.001 0.    0.    0.    0.014 0.    0.004 0.003 0.818 0.028 0.018 0.012
  0.021 0.    0.04  0.028 0.012 0.    0.001 0.    0.    0.    0.    0.   ]
 [0.    0.    0.    0.003 0.001 0.    0.007 0.    0.011 0.881 0.003 0.007
  0.026 0.    0.022 0.011 0.008 0.018 0.    0.    0.    0.    0.001 0.   ]
 [0.    0.    0.    0.    0.    0.    0.    0.    0.005 0.    0.962 0.
  0.    0.    0.011 0.014 0.    0.001 0.005 0.001 0.    0.    0.    0.   ]
 [0.    0.    0.    0.003 0.    0.    0.    0.    0.01  0.003 0.    0.933
  0.004 0.    0.021 0.007 0.    0.001 0.    0.    0.    0.    0.004 0.014]
 [0.    0.    0.    0.    0.004 0.    0.    0.    0.01  0.021 0.    0.02
  0.866 0.006 0.036 0.027 0.003 0.007 0.    0.    0.    0.    0.001 0.   ]
 [0.    0.    0.    0.    0.    0.    0.    0.    0.004 0.    0.    0.001
  0.001 0.904 0.    0.007 0.004 0.011 0.    0.    0.006 0.053 0.003 0.006]
 [0.008 0.    0.    0.    0.008 0.007 0.    0.    0.019 0.    0.015 0.011
  0.008 0.    0.888 0.012 0.003 0.    0.011 0.003 0.    0.    0.006 0.   ]
 [0.    0.    0.    0.    0.007 0.    0.003 0.    0.019 0.015 0.004 0.007
  0.01  0.008 0.061 0.851 0.003 0.001 0.    0.    0.    0.    0.006 0.006]
 [0.001 0.    0.    0.    0.003 0.    0.    0.    0.012 0.026 0.    0.
  0.016 0.    0.011 0.012 0.859 0.018 0.011 0.    0.011 0.    0.011 0.009]
 [0.    0.    0.    0.    0.    0.    0.    0.    0.004 0.018 0.006 0.007
  0.004 0.    0.017 0.004 0.019 0.85  0.011 0.    0.003 0.    0.056 0.001]
 [0.    0.    0.    0.    0.    0.    0.    0.    0.    0.    0.004 0.
  0.    0.    0.    0.    0.006 0.001 0.979 0.001 0.001 0.    0.007 0.   ]
 [0.    0.    0.    0.    0.    0.    0.    0.    0.    0.    0.    0.
  0.    0.    0.003 0.    0.001 0.001 0.038 0.94  0.    0.    0.007 0.011]
 [0.    0.    0.    0.    0.001 0.    0.    0.    0.    0.    0.    0.
  0.    0.001 0.    0.    0.039 0.068 0.054 0.008 0.776 0.    0.032 0.019]
 [0.    0.    0.    0.    0.    0.    0.    0.    0.    0.    0.    0.
  0.    0.129 0.    0.    0.    0.    0.    0.001 0.    0.869 0.    0.   ]
 [0.    0.    0.    0.    0.    0.    0.    0.    0.    0.001 0.008 0.
  0.001 0.    0.083 0.01  0.018 0.043 0.025 0.006 0.019 0.    0.774 0.011]
 [0.    0.    0.    0.    0.    0.    0.    0.    0.001 0.    0.001 0.
  0.    0.004 0.009 0.044 0.    0.    0.    0.005 0.003 0.    0.008 0.925]]
_DT_201nf_201nc_1.00wl_0.50ws_.m
Start loading model
Finish loading model
drone_set_selection: ['_d1_', '_d2_', '_d3_', '_d4_', '_d5_', '_d6_', '_d7_', '_d8_', '_d9_', '_d10_', '_d11_', '_d12_', '_d13_', '_d14_', '_d15_', '_d16_', '_d17_', '_d18_', '_d19_', '_d20_', '_d21_', '_d22_', '_d23_', '_d24_', '_n_']
              precision    recall  f1-score   support

        _d1_     0.8203    0.8577    0.8386       724
        _d2_     0.8281    0.7292    0.7755       720
        _d3_     0.8814    0.8522    0.8666       724
        _d4_     0.7612    0.7346    0.7477       716
        _d5_     0.5361    0.6917    0.6040       720
        _d6_     0.9022    0.8069    0.8519       720
        _d7_     0.6786    0.6833    0.6810       720
        _d8_     0.6525    0.6561    0.6543       724
        _d9_     0.4065    0.3481    0.3750       724
       _d10_     0.4857    0.5431    0.5128       720
       _d11_     0.5464    0.5824    0.5638       728
       _d12_     0.7166    0.7306    0.7235       720
       _d13_     0.5503    0.5964    0.5724       716
       _d14_     0.6108    0.6431    0.6265       720
       _d15_     0.5230    0.4862    0.5039       724
       _d16_     0.4369    0.4738    0.4546       724
       _d17_     0.4833    0.4311    0.4557       740
       _d18_     0.4938    0.4431    0.4671       720
       _d19_     0.6180    0.7056    0.6589       720
       _d20_     0.7791    0.7110    0.7435       744
       _d21_     0.5723    0.4944    0.5306       720
       _d22_     0.7959    0.6931    0.7409       720
       _d23_     0.4481    0.4792    0.4631       720
       _d24_     0.6501    0.7077    0.6776       756
         _n_     0.0000    0.0000    0.0000         0

   micro avg     0.6283    0.6283    0.6283     17384
   macro avg     0.6071    0.6032    0.6036     17384
weighted avg     0.6324    0.6283    0.6287     17384

[[0.858 0.    0.    0.011 0.062 0.007 0.001 0.008 0.003 0.012 0.007 0.001
  0.006 0.    0.007 0.001 0.008 0.    0.001 0.    0.    0.    0.006 0.   ]
 [0.006 0.729 0.06  0.036 0.021 0.007 0.024 0.099 0.007 0.    0.001 0.
  0.    0.006 0.    0.    0.004 0.    0.001 0.    0.    0.    0.    0.   ]
 [0.003 0.029 0.852 0.015 0.023 0.    0.032 0.015 0.007 0.003 0.003 0.004
  0.    0.008 0.004 0.    0.    0.    0.    0.    0.    0.    0.    0.001]
 [0.006 0.028 0.014 0.735 0.05  0.003 0.027 0.106 0.007 0.008 0.001 0.003
  0.003 0.007 0.    0.    0.    0.    0.    0.    0.    0.003 0.    0.   ]
 [0.017 0.018 0.004 0.039 0.692 0.003 0.031 0.074 0.012 0.017 0.007 0.004
  0.012 0.004 0.021 0.012 0.017 0.004 0.004 0.    0.003 0.001 0.004 0.   ]
 [0.019 0.007 0.    0.006 0.036 0.807 0.001 0.019 0.003 0.004 0.018 0.
  0.    0.031 0.006 0.003 0.001 0.003 0.003 0.007 0.    0.01  0.006 0.011]
 [0.01  0.015 0.018 0.04  0.057 0.001 0.683 0.019 0.014 0.015 0.003 0.024
  0.031 0.012 0.004 0.003 0.011 0.017 0.001 0.001 0.004 0.004 0.007 0.004]
 [0.037 0.037 0.015 0.046 0.081 0.014 0.04  0.656 0.023 0.01  0.003 0.001
  0.001 0.012 0.001 0.004 0.004 0.001 0.    0.    0.006 0.006 0.    0.   ]
 [0.004 0.001 0.001 0.004 0.028 0.003 0.051 0.003 0.348 0.093 0.076 0.046
  0.066 0.01  0.04  0.12  0.036 0.014 0.014 0.    0.01  0.001 0.01  0.022]
 [0.024 0.007 0.    0.015 0.022 0.    0.017 0.001 0.05  0.543 0.033 0.014
  0.051 0.007 0.031 0.083 0.018 0.043 0.001 0.003 0.    0.006 0.026 0.004]
 [0.012 0.003 0.    0.    0.01  0.01  0.007 0.    0.07  0.04  0.582 0.008
  0.015 0.    0.038 0.049 0.022 0.012 0.058 0.007 0.023 0.    0.022 0.011]
 [0.    0.    0.    0.007 0.003 0.    0.017 0.    0.026 0.032 0.012 0.731
  0.072 0.    0.01  0.035 0.006 0.012 0.003 0.007 0.    0.    0.006 0.022]
 [0.008 0.003 0.    0.003 0.008 0.    0.018 0.    0.039 0.049 0.017 0.085
  0.596 0.007 0.025 0.05  0.008 0.029 0.    0.004 0.013 0.006 0.013 0.018]
 [0.003 0.001 0.001 0.003 0.024 0.    0.011 0.001 0.008 0.008 0.022 0.003
  0.008 0.643 0.003 0.021 0.018 0.036 0.003 0.007 0.011 0.133 0.011 0.019]
 [0.018 0.    0.    0.    0.068 0.006 0.004 0.    0.059 0.08  0.055 0.025
  0.041 0.004 0.486 0.035 0.017 0.017 0.007 0.008 0.006 0.    0.052 0.012]
 [0.007 0.    0.001 0.    0.012 0.003 0.012 0.001 0.088 0.041 0.065 0.017
  0.065 0.015 0.052 0.474 0.029 0.014 0.008 0.017 0.011 0.    0.01  0.057]
 [0.008 0.    0.    0.    0.026 0.003 0.007 0.001 0.041 0.058 0.012 0.011
  0.027 0.015 0.036 0.036 0.431 0.076 0.031 0.005 0.074 0.    0.084 0.018]
 [0.006 0.001 0.    0.    0.003 0.001 0.004 0.    0.021 0.062 0.035 0.024
  0.047 0.021 0.028 0.044 0.061 0.443 0.046 0.015 0.025 0.    0.081 0.032]
 [0.001 0.    0.    0.    0.004 0.003 0.001 0.    0.008 0.001 0.051 0.001
  0.004 0.006 0.008 0.001 0.044 0.012 0.706 0.012 0.039 0.    0.076 0.018]
 [0.    0.    0.    0.    0.004 0.005 0.001 0.    0.003 0.001 0.015 0.003
  0.    0.    0.019 0.    0.012 0.016 0.071 0.711 0.067 0.007 0.035 0.03 ]
 [0.    0.    0.    0.    0.007 0.004 0.    0.    0.006 0.003 0.01  0.
  0.004 0.008 0.004 0.004 0.1   0.064 0.1   0.033 0.494 0.    0.097 0.061]
 [0.    0.    0.    0.004 0.008 0.004 0.015 0.001 0.    0.    0.001 0.012
  0.007 0.207 0.    0.003 0.003 0.001 0.    0.022 0.    0.693 0.007 0.01 ]
 [0.    0.    0.    0.    0.032 0.008 0.    0.001 0.003 0.025 0.018 0.
  0.015 0.008 0.085 0.031 0.043 0.062 0.069 0.025 0.047 0.    0.479 0.047]
 [0.    0.    0.    0.    0.007 0.003 0.001 0.    0.009 0.008 0.02  0.003
  0.005 0.02  0.02  0.071 0.009 0.016 0.009 0.032 0.025 0.001 0.033 0.708]]
_RF_201nf_201nc_1.00wl_0.50ws_.m
Start loading model
Finish loading model
drone_set_selection: ['_d1_', '_d2_', '_d3_', '_d4_', '_d5_', '_d6_', '_d7_', '_d8_', '_d9_', '_d10_', '_d11_', '_d12_', '_d13_', '_d14_', '_d15_', '_d16_', '_d17_', '_d18_', '_d19_', '_d20_', '_d21_', '_d22_', '_d23_', '_d24_', '_n_']
              precision    recall  f1-score   support

        _d1_     0.9309    0.9682    0.9492       724
        _d2_     0.9299    0.9403    0.9351       720
        _d3_     0.9874    0.9751    0.9812       724
        _d4_     0.8760    0.8785    0.8773       716
        _d5_     0.8145    0.8903    0.8507       720
        _d6_     0.9687    0.9875    0.9780       720
        _d7_     0.8716    0.8958    0.8836       720
        _d8_     0.8828    0.8633    0.8729       724
        _d9_     0.8268    0.5801    0.6818       724
       _d10_     0.7455    0.8014    0.7724       720
       _d11_     0.9016    0.8558    0.8781       728
       _d12_     0.9150    0.9125    0.9138       720
       _d13_     0.7277    0.8324    0.7765       716
       _d14_     0.8489    0.8819    0.8651       720
       _d15_     0.6471    0.8204    0.7235       724
       _d16_     0.7314    0.7182    0.7247       724
       _d17_     0.8218    0.6919    0.7513       740
       _d18_     0.6899    0.6181    0.6520       720
       _d19_     0.8140    0.8875    0.8492       720
       _d20_     0.9226    0.8817    0.9017       744
       _d21_     0.7988    0.7278    0.7616       720
       _d22_     0.9187    0.8319    0.8732       720
       _d23_     0.7139    0.6792    0.6961       720
       _d24_     0.8191    0.9286    0.8704       756
         _n_     0.0000    0.0000    0.0000         0

   micro avg     0.8354    0.8354    0.8354     17384
   macro avg     0.8042    0.8019    0.8008     17384
weighted avg     0.8378    0.8354    0.8342     17384

[[0.968 0.    0.    0.003 0.028 0.    0.    0.    0.    0.001 0.    0.
  0.    0.    0.    0.    0.    0.    0.    0.    0.    0.    0.    0.   ]
 [0.001 0.94  0.008 0.028 0.    0.01  0.    0.011 0.    0.    0.    0.
  0.    0.    0.    0.    0.001 0.    0.    0.    0.    0.    0.    0.   ]
 [0.    0.008 0.975 0.003 0.    0.    0.011 0.003 0.    0.    0.    0.
  0.    0.    0.    0.    0.    0.    0.    0.    0.    0.    0.    0.   ]
 [0.    0.006 0.    0.878 0.028 0.    0.018 0.07  0.    0.    0.    0.
  0.    0.    0.    0.    0.    0.    0.    0.    0.    0.    0.    0.   ]
 [0.006 0.025 0.    0.011 0.89  0.001 0.031 0.017 0.01  0.004 0.    0.004
  0.001 0.    0.    0.    0.    0.    0.    0.    0.    0.    0.    0.   ]
 [0.    0.    0.    0.    0.011 0.988 0.    0.001 0.    0.    0.    0.
  0.    0.    0.    0.    0.    0.    0.    0.    0.    0.    0.    0.   ]
 [0.001 0.003 0.    0.019 0.032 0.    0.896 0.01  0.007 0.001 0.    0.001
  0.01  0.    0.    0.001 0.    0.    0.    0.    0.015 0.003 0.    0.   ]
 [0.014 0.029 0.004 0.054 0.022 0.001 0.008 0.863 0.    0.    0.    0.
  0.    0.    0.    0.    0.004 0.    0.    0.    0.    0.    0.    0.   ]
 [0.    0.    0.    0.    0.029 0.001 0.033 0.003 0.58  0.03  0.037 0.029
  0.086 0.    0.079 0.052 0.022 0.007 0.01  0.    0.    0.    0.001 0.   ]
 [0.017 0.    0.    0.004 0.008 0.    0.011 0.001 0.01  0.801 0.001 0.007
  0.06  0.    0.021 0.014 0.004 0.038 0.    0.    0.    0.    0.003 0.   ]
 [0.005 0.    0.    0.    0.003 0.003 0.    0.    0.014 0.005 0.856 0.007
  0.008 0.    0.021 0.026 0.01  0.005 0.019 0.003 0.015 0.    0.    0.   ]
 [0.    0.    0.    0.001 0.    0.    0.007 0.    0.01  0.011 0.    0.912
  0.003 0.    0.026 0.01  0.    0.003 0.    0.    0.    0.    0.001 0.015]
 [0.    0.    0.    0.    0.003 0.    0.    0.    0.003 0.061 0.    0.007
  0.832 0.    0.035 0.024 0.    0.027 0.    0.    0.003 0.    0.006 0.   ]
 [0.    0.    0.    0.    0.    0.    0.001 0.    0.003 0.    0.003 0.
  0.004 0.882 0.    0.01  0.003 0.011 0.    0.    0.003 0.064 0.003 0.014]
 [0.017 0.    0.    0.    0.022 0.003 0.    0.    0.014 0.014 0.01  0.011
  0.007 0.003 0.82  0.03  0.006 0.    0.015 0.011 0.    0.    0.018 0.   ]
 [0.007 0.    0.    0.    0.001 0.    0.008 0.    0.033 0.039 0.018 0.001
  0.028 0.006 0.072 0.718 0.    0.012 0.003 0.008 0.    0.    0.001 0.044]
 [0.001 0.    0.    0.    0.012 0.    0.001 0.    0.015 0.068 0.008 0.004
  0.047 0.    0.02  0.019 0.692 0.027 0.011 0.    0.034 0.    0.027 0.014]
 [0.    0.    0.    0.    0.003 0.    0.    0.    0.003 0.033 0.003 0.011
  0.051 0.004 0.042 0.04  0.062 0.618 0.015 0.001 0.008 0.    0.094 0.01 ]
 [0.    0.    0.    0.    0.    0.    0.    0.    0.    0.001 0.01  0.
  0.    0.    0.003 0.    0.004 0.012 0.888 0.012 0.033 0.    0.022 0.014]
 [0.    0.    0.    0.    0.    0.004 0.    0.    0.    0.    0.    0.001
  0.    0.    0.016 0.    0.    0.    0.036 0.882 0.013 0.007 0.012 0.028]
 [0.    0.    0.    0.    0.    0.001 0.    0.    0.    0.    0.    0.
  0.    0.001 0.    0.    0.028 0.064 0.06  0.006 0.728 0.    0.065 0.047]
 [0.    0.    0.    0.    0.    0.    0.001 0.    0.    0.    0.    0.
  0.    0.143 0.    0.    0.    0.    0.    0.019 0.004 0.832 0.    0.   ]
 [0.003 0.    0.    0.    0.    0.007 0.    0.    0.001 0.001 0.004 0.
  0.003 0.    0.104 0.012 0.01  0.069 0.028 0.007 0.043 0.    0.679 0.028]
 [0.    0.    0.    0.    0.    0.    0.    0.    0.    0.    0.    0.
  0.    0.    0.009 0.024 0.    0.001 0.004 0.008 0.009 0.    0.016 0.929]]
_GNB_201nf_201nc_1.00wl_0.50ws_.m
Start loading model
Finish loading model
drone_set_selection: ['_d1_', '_d2_', '_d3_', '_d4_', '_d5_', '_d6_', '_d7_', '_d8_', '_d9_', '_d10_', '_d11_', '_d12_', '_d13_', '_d14_', '_d15_', '_d16_', '_d17_', '_d18_', '_d19_', '_d20_', '_d21_', '_d22_', '_d23_', '_d24_', '_n_']
              precision    recall  f1-score   support

        _d1_     0.8989    0.9088    0.9038       724
        _d2_     0.8764    0.8472    0.8616       720
        _d3_     0.9371    0.9061    0.9213       724
        _d4_     0.7672    0.7179    0.7417       716
        _d5_     0.6290    0.8264    0.7143       720
        _d6_     0.9327    0.9819    0.9567       720
        _d7_     0.6793    0.7444    0.7104       720
        _d8_     0.6837    0.6657    0.6746       724
        _d9_     0.5370    0.2804    0.3684       724
       _d10_     0.4788    0.6597    0.5549       720
       _d11_     0.7308    0.5110    0.6015       728
       _d12_     0.7503    0.7514    0.7509       720
       _d13_     0.5318    0.6774    0.5958       716
       _d14_     0.7038    0.5083    0.5903       720
       _d15_     0.4963    0.6506    0.5631       724
       _d16_     0.4370    0.4793    0.4572       724
       _d17_     0.5711    0.3473    0.4319       740
       _d18_     0.4607    0.4639    0.4623       720
       _d19_     0.6587    0.7264    0.6909       720
       _d20_     0.8541    0.7634    0.8062       744
       _d21_     0.5577    0.5639    0.5608       720
       _d22_     0.8091    0.7889    0.7989       720
       _d23_     0.6365    0.5083    0.5653       720
       _d24_     0.6509    0.8386    0.7329       756
         _n_     0.0000    0.0000    0.0000         0

   micro avg     0.6715    0.6715    0.6715     17384
   macro avg     0.6508    0.6447    0.6406     17384
weighted avg     0.6780    0.6715    0.6673     17384

[[0.909 0.    0.    0.    0.075 0.    0.    0.001 0.    0.007 0.    0.
  0.    0.    0.007 0.    0.    0.    0.001 0.    0.    0.    0.    0.   ]
 [0.    0.847 0.031 0.05  0.006 0.003 0.001 0.033 0.    0.007 0.    0.
  0.    0.    0.006 0.    0.014 0.    0.003 0.    0.    0.    0.    0.   ]
 [0.    0.025 0.906 0.001 0.008 0.    0.033 0.026 0.    0.    0.    0.
  0.    0.    0.    0.    0.    0.    0.    0.    0.    0.    0.    0.   ]
 [0.01  0.018 0.014 0.718 0.025 0.    0.05  0.154 0.    0.011 0.    0.
  0.    0.    0.    0.    0.    0.    0.    0.    0.    0.    0.    0.   ]
 [0.007 0.021 0.    0.006 0.826 0.    0.039 0.075 0.007 0.01  0.    0.003
  0.    0.    0.    0.    0.001 0.    0.006 0.    0.    0.    0.    0.   ]
 [0.    0.    0.    0.    0.015 0.982 0.    0.003 0.    0.    0.    0.
  0.    0.    0.    0.    0.    0.    0.    0.    0.    0.    0.    0.   ]
 [0.    0.01  0.01  0.064 0.031 0.    0.744 0.012 0.012 0.    0.    0.006
  0.067 0.001 0.    0.001 0.006 0.011 0.    0.    0.025 0.    0.    0.   ]
 [0.017 0.044 0.007 0.094 0.133 0.007 0.026 0.666 0.    0.004 0.    0.
  0.    0.    0.001 0.    0.001 0.    0.    0.    0.    0.    0.    0.   ]
 [0.    0.    0.    0.    0.03  0.    0.109 0.001 0.28  0.12  0.039 0.087
  0.104 0.001 0.087 0.081 0.015 0.014 0.029 0.    0.    0.    0.    0.001]
 [0.024 0.    0.    0.001 0.017 0.    0.012 0.    0.011 0.66  0.    0.025
  0.1   0.    0.049 0.024 0.015 0.057 0.001 0.    0.    0.    0.004 0.   ]
 [0.012 0.    0.    0.    0.029 0.005 0.    0.    0.048 0.056 0.511 0.01
  0.012 0.    0.114 0.113 0.043 0.01  0.012 0.012 0.01  0.    0.    0.003]
 [0.    0.    0.    0.    0.    0.    0.057 0.    0.019 0.04  0.    0.751
  0.029 0.    0.017 0.068 0.    0.001 0.    0.    0.    0.    0.004 0.012]
 [0.    0.    0.    0.    0.004 0.    0.003 0.    0.014 0.095 0.    0.071
  0.677 0.    0.024 0.039 0.    0.067 0.    0.    0.    0.    0.006 0.   ]
 [0.    0.    0.    0.    0.    0.    0.    0.    0.011 0.    0.046 0.003
  0.004 0.508 0.001 0.111 0.001 0.008 0.003 0.    0.001 0.186 0.001 0.114]
 [0.023 0.    0.    0.    0.052 0.01  0.    0.    0.023 0.08  0.008 0.006
  0.025 0.    0.651 0.033 0.003 0.    0.023 0.012 0.    0.    0.044 0.006]
 [0.    0.    0.    0.    0.004 0.    0.017 0.    0.064 0.093 0.043 0.022
  0.088 0.006 0.076 0.479 0.001 0.014 0.007 0.018 0.    0.    0.    0.069]
 [0.004 0.    0.    0.    0.034 0.    0.001 0.    0.024 0.157 0.008 0.
  0.066 0.001 0.022 0.014 0.347 0.096 0.026 0.004 0.154 0.    0.015 0.027]
 [0.    0.    0.    0.    0.017 0.    0.    0.    0.006 0.031 0.001 0.017
  0.093 0.    0.044 0.081 0.072 0.464 0.018 0.    0.022 0.    0.112 0.022]
 [0.    0.    0.    0.    0.    0.    0.    0.    0.    0.    0.033 0.
  0.    0.    0.046 0.    0.004 0.029 0.726 0.024 0.074 0.    0.029 0.035]
 [0.    0.    0.    0.    0.    0.003 0.    0.    0.    0.    0.007 0.001
  0.    0.013 0.026 0.    0.    0.    0.066 0.763 0.055 0.    0.009 0.056]
 [0.    0.    0.    0.    0.006 0.    0.    0.    0.    0.    0.    0.
  0.    0.    0.    0.    0.076 0.115 0.103 0.017 0.564 0.    0.036 0.083]
 [0.    0.001 0.    0.    0.    0.    0.001 0.004 0.    0.    0.    0.
  0.    0.178 0.    0.    0.    0.    0.    0.025 0.001 0.789 0.    0.   ]
 [0.006 0.    0.    0.    0.    0.042 0.    0.    0.001 0.001 0.004 0.
  0.001 0.    0.133 0.012 0.012 0.112 0.071 0.001 0.053 0.    0.508 0.04 ]
 [0.    0.    0.    0.    0.    0.001 0.    0.    0.    0.    0.    0.
  0.    0.012 0.008 0.04  0.001 0.005 0.004 0.02  0.044 0.    0.026 0.839]]

(drone_auth) C:\Users\Stewie\drone_project\experiment\noiseVar>eval_all_model_noNoise.py
